+91 89820 02205
+91 73877 67778
+91 70383 86312
+91 81095 30973
+91 81092 07729
+91 81033 36364
+91 79992 54772
+91 83023 18837
+91 89622 86829
+91 79768 40426
+91 79870 05953
+91 75091 68311
+91 79879 43749
+91 77092 49139
+91 73541 04136
+91 82694 75043
+91 89599 80803
+91 78693 65863
+91 79991 58174
+91 78891 68209
+91 78695 60624
+91 89595 59573
+91 78029 39002
+91 89592 57869
+91 74178 52731
+91 75660 83949
+91 79993 71306
+91 84232 07378
+91 89509 17258
+91 88907 79899
+91 83491 23573
+91 88667 61381
+91 88394 90212
+91 88392 64959
+91 88390 86939
+91 88252 16469
+91 88150 45140
+91 88062 24226
+91 87883 98060
+91 83494 70215
+91 87709 35843
+91 81099 05009
+91 82260 05610
+91 83191 21028
+91 79000 19823
+91 83493 83957
+91 78287 55554
+91 81280 22627
+91 87693 80825
+91 86070 13922
+91 86024 79442
+91 84730 13115
+91 84351 14444
+91 89826 67939
+91 90457 47384
+91 89890 77255
+91 90395 33217
+91 91795 21881
+91 92580 98532
+91 90983 83293
+91 92705 43880
+91 91318 32123
+91 90397 05688
+91 91659 21962
+91 92947 64759
+91 91666 24334
+91 90098 40611
+91 90264 96964
+91 91772 26389
+91 91654 10895
+91 90286 24118
+91 90748 15388
+91 91314 13788
+91 89894 07812
+91 91791 79200
+91 91652 60250
+91 93256 14256
+91 93105 21820
+91 93023 35214
+91 93003 87617
+91 93409 18034
+91 93405 77056
+91 93011 71712
+91 93990 17852
+91 93704 93091
+91 93962 94775
+91 93293 35843
+91 93401 27427
+91 93582 68089
+91 93733 59536
+91 93400 98500
+91 94072 69319
+91 94067 56063
+91 94046 47196
+91 94248 86774
+91 94249 71615
+91 94562 61982
+91 94250 55519
+91 94259 92606
+91 96919 39622
+91 96852 76076
+91 96698 39085
+91 96441 32045
+91 97550 60007
+91 94247 70650
+91 96177 43841
+91 96307 29083
+91 94603 59642
+91 96341 30649
+91 94649 53200
+91 94275 92234
+91 97541 69878
+91 94243 57511
+91 95301 06929
+91 96382 86824
+91 95795 68647
+91 94253 82408
+91 94254 79951
+91 95892 88019
+91 94240 45010
+91 94794 34357
+91 94256 35129
+91 94240 33185
+91 94600 09060
+91 94627 20258
+91 96690 39076
+91 94218 51175
+91 94149 13435
+91 97702 02329
+91 94146 86936
+91 94146 15021
+91 94144 02642
+91 94143 12344
+91 94251 24555
+91 94143 07028
+91 94142 86929
+91 94141 05518
+91 94134 40309
+91 94130 76201
+91 97135 51667
+91 97539 39366
+91 97632 29724
+91 96026 10698
+91 97836 55203
+91 94678 32523
+91 97530 64689
+91 94075 56391
+91 94073 09162
+91 98281 74580
+91 98291 58323
+91 98913 50904
+91 98294 89800
+91 98688 62423
+91 98277 62195
+91 98935 15931
+91 98938 60670
+91 98904 66260
+91 98273 84166
+91 98348 06618
+91 98404 12064
+91 98273 73159
+91 98558 29046
+91 98271 94307
+91 98932 49918
+91 98936 56552
+91 97933 13873
+91 98269 04836
+91 98265 01919
+91 98264 99112
+91 98264 50951
+91 98262 18644
+91 98260 48499
+91 98343 81402
+91 98260 35642
+91 98260 21114
+91 98255 00327
+91 98226 92027
+91 97856 37075
+91 98223 70569
+91 98982 38736
+91 98221 09977
+91 98030 47047
+91 97992 98957
+91 97952 69458
+91 97950 46041
+91 63780 37792
+91 63777 08682
+91 63779 26636
+91 63765 97687
+91 62905 02370
+91 60054 29369
+91 75976 29307
+91 72401 97304
+91 75971 21141
+91 72258 73347
+91 70146 94014
+91 70732 65679
+91 70145 60125
+91 76898 78368
+91 76118 02464
+91 91473 71181
+91 76948 20045
+91 77330 96047
+91 77260 25053
+91 78914 44371
+91 78781 44017
+91 78773 13017
+91 78605 87135
+91 78038 54761
+91 77374 12190
+91 77373 03045
+91 85879 69043
+91 85020 24086
+91 84317 76368
+91 83859 02091
+91 82368 23222
+91 82348 48047
+91 82095 34948
+91 82093 34009
+91 82090 42721
+91 80098 11169
+91 80057 01550
+91 79764 34781
+91 79761 49790
+91 89529 61041
+91 89497 98003
+91 89495 89556
+91 89054 24914
+91 88506 62253
+91 88279 13697
+91 88248 28294
+91 88009 11201
+91 87705 43116
+91 87695 00600
+91 87504 67302
+91 87089 75740
+91 86557 62176
+91 86073 41860
+91 91665 45471
+91 91362 87595
+91 91665 26238
+91 91166 56597
+91 90790 15552
+91 90572 74028
+91 90328 85247
+91 90240 71044
+91 90242 55530
+91 90240 25744
+91 90071 47381
+91 89891 74288
+91 90013 39295
+91 92526 30090
+91 92525 69959
+91 92463 76627
+91 92148 92502
+91 92128 55542
+91 92144 35871
+91 91822 54740
+91 92691 56799
+91 92528 35345
+91 92696 96934
+91 93146 22837
+91 93140 57052
+91 93584 77651
+91 93524 17688
+91 93521 61359
+91 93512 23907
+91 93216 09253
+91 93148 50831
+91 93146 51135
+91 94140 09992
+91 94137 87876
+91 94139 69357
+91 94136 88485
+91 94135 74690
+91 94134 37361
+91 94134 17426
+91 94133 40440
+91 94132 73084
+91 94132 06372
+91 94131 09461
+91 94130 50983
+91 94130 38711
+91 94142 81205
+91 94142 71218
+91 94149 08430
+91 94163 72252
+91 94149 67451
+91 94165 45039
+91 94248 99619
+91 94600 09060
+91 94148 34752
+91 94146 26140
+91 94147 07082
+91 94146 03382
+91 94145 86133
+91 94145 42311
+91 94145 25620
+91 94607 24601
+91 94605 46477
+91 94604 71764
+91 94600 91352
+91 94603 74946
+91 94603 28118
+91 94600 48191
+91 94627 87103
+91 94609 52725
+91 94626 42586
+91 94615 49061
+91 94616 19631
+91 95302 82763
+91 95212 59606
+91 95094 22606
+91 94613 24400
+91 94613 24465
+91 94145 18186
+91 94143 42374
+91 94144 18728
+91 94144 33125
+91 94144 34435
+91 94144 56647
+91 94144 90468
+91 94144 98348
+91 94143 39267
+91 94143 24977
+91 94143 14339
+91 94143 20324
+91 98265 28848
+91 98264 96395
+91 97997 11130
+91 97998 98550
+91 95871 94487
+91 95715 55672
+91 97830 95018
+91 97821 23036
+91 97826 74388
+91 97728 49354
+91 96367 55678
+91 96600 85784
+91 96725 88826
+91 96949 13441
+91 96107 67890
+91 96104 08899
+91 96028 26167
+91 96020 74345
+91 95928 51700
+91 98101 78685
+91 98264 39401
+91 98263 78825
+91 98252 94505
+91 98131 99117
+91 98116 86703
+91 98112 40489
+91 98103 26365
+91 97855 58666
+91 97846 69094
+91 97842 97083
+91 97847 73487
+91 97840 12074
+91 97840 92554
+91 98285 77805
+91 98289 72996
+91 98289 60056
+91 98291 58323
+91 98299 51802
+91 98299 37097
+91 98284 24470
+91 98280 15008
+91 98280 51252
+91 98362 13948
+91 98360 91944
+91 98302 55552
+91 98296 20574
+91 98293 55230
+91 98294 10406
+91 98298 40021
+91 98991 74512
+91 98688 62423
+91 98870 86805
+91 98874 17574
+91 98873 79762
+91 99289 35237
+91 99291 16449
+91 99281 02256
+91 99220 81934
+91 99265 08040
+91 98735 06957
+91 98972 27302
+91 99934 13722
+91 99813 94943
+91 99823 40736
+91 99831 24179
+91 99936 33021
+91 99501 36877
+91 99774 81094
+91 99298 22125
+91 99294 79655
+91 99285 30099
+91 70147 71393
+91 70173 44746
+91 70278 78408
+91 70232 51546
+91 82990 07219
+91 82755 55554
+91 82719 72100
+91 82394 69964
+91 82336 39280
+91 82331 49563
+91 81091 90571
+91 80850 33524
+91 80589 72737
+91 80586 57221
+91 80586 09928
+91 80583 14995
+91 80059 42808
+91 80057 44614
+91 80039 27750
+91 79766 18045
+91 79051 73823
+91 78911 27881
+91 78528 17690
+91 78230 85858
+91 77938 27940
+91 77429 14745
+91 77409 80043
+91 77378 73706
+91 76666 63803
+91 76270 84410
+91 75688 02503
+91 75666 39718
+91 74108 41312
+91 74051 49779
+91 73759 75596
+91 72401 69169
+91 70738 67051
+91 70561 19919
+91 89895 40720
+91 89553 41496
+91 89551 95659
+91 89528 95332
+91 89203 65825
+91 88900 97193
+91 87419 78544
+91 86960 96860
+91 85295 82242
+91 84610 90005
+91 83025 32276
+91 90220 28260
+91 90097 95237
+91 90094 04274
+91 90017 38206
+91 90011 23850
+91 90010 86277
+91 94245 11046
+91 94146 37760
+91 94145 76645
+91 94145 55331
+91 94145 00954
+91 90793 25656
+91 90577 94977
+91 90248 60285
+91 91118 51407
+91 91093 70377
+91 91459 66501
+91 91654 30168
+91 91589 22751
+91 94143 71766
+91 94143 62317
+91 94143 28678
+91 94142 89567
+91 94142 76204
+91 94140 78083
+91 94140 72021
+91 94140 46592
+91 94138 49126
+91 94137 08386
+91 94133 41891
+91 94116 35984
+91 99595 60824
+91 94036 21600
+91 93929 94054
+91 93920 29915
+91 93555 79195
+91 93526 16186
+91 93514 23139
+91 93251 21201
+91 93241 29439
+91 93039 83650
+91 93023 35214
+91 93005 95601
+91 92690 04096
+91 92527 53953
+91 92526 31598
+91 92149 22497
+91 92149 13545
+91 92145 02778
+91 92141 67167
+91 91790 98166
+91 91666 14902
+91 91664 63274
+91 91660 83056
+91 94611 77808
+91 94600 85683
+91 94264 25101
+91 94258 91564
+91 94253 26639
+91 94248 27942
+91 96446 19060
+91 95838 29933
+91 95550 49329
+91 95480 44411
+91 95283 16969
+91 94801 93206
+91 94627 49102
+91 94618 34911
+91 94614 65301
+91 96195 49049
+91 96341 30649
+91 95892 11800
+91 96494 21547
+91 95888 89278
+91 97853 09711
+91 97851 95127
+91 97843 41572
+91 97842 32300
+91 97840 65029
+91 97831 77486
+91 97706 98116
+91 97538 59790
+91 97367 39900
+91 97147 95927
+91 97139 97720
+91 96944 67486
+91 96679 77465
+91 96678 89787
+91 96603 05570
+91 96498 56113
+91 99099 61407
+91 99076 77783
+91 99072 16688
+91 98978 65582
+91 98939 02770
+91 98937 94694
+91 98902 34032
+91 98876 80802
+91 98873 05614
+91 98298 23612
+91 98295 79386
+91 98293 90698
+91 98293 64605
+91 98292 99875
+91 98292 65902
+91 98291 38647
+91 98290 94391
+91 98288 58226
+91 98283 12164
+91 98257 82767
+91 98182 13065
+91 98128 38381
+91 98092 77774
+91 97998 75082
+91 99289 28151
+91 99264 33162
+91 99116 41926
+91 99931 07923
+91 99833 27492
+91 99777 74542
+91 99508 60065
+91 99503 00710
+91 99490 46291
+91 99298 68754
+91 99297 67301
+91 99295 31139
+91 99937 27864
+91 99838 49966
+91 99835 93681
+91 63606 28710
+91 63924 00255
+91 70002 94445
+91 70207 39515
+91 70303 84338
+91 70898 40767
+91 70893 31343
+91 77198 90121
+91 77094 91333
+91 77092 49139
+91 76658 54254
+91 74474 75245
+91 73897 75749
+91 73873 44880
+91 80870 71054
+91 80852 39402
+91 80800 27415
+91 80086 53282
+91 80079 39598
+91 79997 46945
+91 79996 47886
+91 79725 92744
+91 78755 55314
+91 78286 36085
+91 77919 96167
+91 77750 36587
+91 77330 77730
+91 84408 80443
+91 84351 14444
+91 83297 77818
+91 83199 52957
+91 83196 76346
+91 83190 55827
+91 82858 37387
+91 82378 39907
+91 82370 42502
+91 82250 24419
+91 81097 08700
+91 81071 92775
+91 80874 40118
+91 80873 44915
+91 87967 39661
+91 87709 51729
+91 87707 74650
+91 87888 30228
+91 86553 50025
+91 86395 14120
+91 86029 17193
+91 87701 96770
+91 87698 89222
+91 87080 68123
+91 86960 93226
+91 88754 81906
+91 89821 76956
+91 89621 05485
+91 89232 48475
+91 88306 07042
+91 88052 24207
+91 88243 51582
+91 88003 36199
+91 90212 71125
+91 90084 31221
+91 89991 97761
+91 89821 99903
+91 89823 94509
+91 92265 99651
+91 91317 30228
+91 91310 20004
+91 90459 51744
+91 90320 37564
+91 90282 45223
+91 93001 16372
+91 92848 55752
+91 91680 02288
+91 92262 16315
+91 94225 04000
+91 94213 47249
+91 94157 59262
+91 94144 63437
+91 94221 93374
+91 94221 75332
+91 94217 15988
+91 94216 85855
+91 93711 97571
+91 93703 89401
+91 93268 70707
+91 93251 74287
+91 93243 40685
+91 93140 04264
+91 93016 97166
+91 93009 90336
+91 93006 73921
+91 94143 11547
+91 94141 05518
+91 94071 31374
+91 94071 49461
+91 94132 20285
+91 94054 44448
+91 94044 33464
+91 94042 09077
+91 93993 37252
+91 94038 40910
+91 94040 75775
+91 93924 92457
+91 93734 91324
+91 93776 75811
+91 94240 34126
+91 94228 62603
+91 94230 31141
+91 94251 06257
+91 94291 28119
+91 94400 42943
+91 94441 51588
+91 94251 23541
+91 94250 60654
+91 94243 84736
+91 94230 75745
+91 94259 63073
+91 94259 65152
+91 94265 67271
+91 94281 38798
+91 94273 87972
+91 95528 26483
+91 94666 59932
+91 94618 72902
+91 94616 08211
+91 94487 51149
+91 94253 48158
+91 96800 61970
+91 96801 38225
+91 96855 22682
+91 96670 98672
+91 96304 50254
+91 95756 24367
+91 95793 84386
+91 96230 61201
+91 94687 19222
+91 94689 42568
+91 95272 81498
+91 94680 51386
+91 95610 94533
+91 97620 81161
+91 97532 02020
+91 96919 55556
+91 97145 44167
+91 97411 75650
+91 97026 61899
+91 96894 98771
+91 96913 34633
+91 98271 30099
+91 98256 73499
+91 98260 34727
+91 98265 57136
+91 98238 05690
+91 98231 11150
+91 98222 48481
+91 98261 94049
+91 98262 33085
+91 98264 16311
+91 98264 71318
+91 98275 22604
+91 98404 12064
+91 98405 60584
+91 98440 22810
+91 98272 97048
+91 98282 57100
+91 98271 33151
+91 98272 34402
+91 98267 40393
+91 98300 89755
+91 98297 81040
+91 98302 30009
+91 98362 09984
+91 98360 78343
+91 98908 64001
+91 98790 65441
+91 98688 82073
+91 98503 99441
+91 98502 69618
+91 98292 45025
+91 98225 18950
+91 98222 01374
+91 98184 08897
+91 97676 14864
+91 98220 87011
+91 97647 68093
+91 98931 08147
+91 99457 77768
+91 99501 39331
+91 99591 54252
+91 99360 34777
+91 99209 01278
+91 99269 70851
+91 99267 38387
+91 99223 91525
+91 98909 45098
+91 98930 65302
+91 98930 53398
+91 98929 03692
+91 60686 90178
+91 98983 36668
+91 99939 71445
+91 99621 66461
+91 99995 33952
+91 99670 04681
+91 99701 80054
+91 99752 70007
+91 99832 52844
+91 99773 88781
+91 99771 42491
+91 99811 31413
+91 99604 44041
+91 99876 91725
